Image	Name	Class	Parent	ROI	Centroid X µm	Centroid Y µm	Allen ID	Parent Allen ID	Side	Num Detections	Num Negative	Num Positive	Positive %	Num Positive per mm^2	Area µm^2	Perimeter µm
JKAY23.5d_2_Scan1_[3819,46070]_component_data_merged_Region 4.ome.tif	root	root	Image	Geometry	5065.2	3745	997	0	0	375	312	63	16.8	1.302	48384612.1	37161.9
JKAY23.5d_2_Scan1_[3819,46070]_component_data_merged_Region 4.ome.tif	Basic cell groups and regions	grey	root	Geometry	5081	3646.4	8	997	0	375	312	63	16.8	1.47	42845411.1	101412.5
JKAY23.5d_2_Scan1_[3819,46070]_component_data_merged_Region 4.ome.tif	Cerebellum	CB	Basic cell groups and regions	Geometry	3344	5732.2	512	8	0	0	0	0	NaN	0	89556	4997.6
JKAY23.5d_2_Scan1_[3819,46070]_component_data_merged_Region 4.ome.tif	Cerebrum	CH	Basic cell groups and regions	Geometry	5119.5	3421.1	567	8	0	0	0	0	NaN	0	23639545.6	57801.8
JKAY23.5d_2_Scan1_[3819,46070]_component_data_merged_Region 4.ome.tif	Cerebral cortex	CTX	Cerebrum	Geometry	5119.5	3421.1	688	567	0	0	0	0	NaN	0	23639545.6	57801.8
JKAY23.5d_2_Scan1_[3819,46070]_component_data_merged_Region 4.ome.tif	Cortical plate	CTXpl	Cerebral cortex	Geometry	5100.8	3405	695	688	0	0	0	0	NaN	0	23484996.1	58876.4
JKAY23.5d_2_Scan1_[3819,46070]_component_data_merged_Region 4.ome.tif	Hippocampal formation	HPF	Cortical plate	Geometry	4561.4	4091.9	1089	695	0	0	0	0	NaN	0	13643670.6	34340.8
JKAY23.5d_2_Scan1_[3819,46070]_component_data_merged_Region 4.ome.tif	Hippocampal region	HIP	Hippocampal formation	Geometry	6836	4351.8	1080	1089	0	0	0	0	NaN	0	4948147	14367.3
JKAY23.5d_2_Scan1_[3819,46070]_component_data_merged_Region 4.ome.tif	Dentate gyrus	DG	Hippocampal region	Geometry	5280.8	4211.5	726	1080	0	0	0	0	NaN	0	2428242.6	14222
JKAY23.5d_2_Scan1_[3819,46070]_component_data_merged_Region 4.ome.tif	Dentate gyrus, granule cell layer	DG-sg	Dentate gyrus	Geometry	6141.3	4483	632	726	0	0	0	0	NaN	0	401421.9	9645.7
JKAY23.5d_2_Scan1_[3819,46070]_component_data_merged_Region 4.ome.tif	Dentate gyrus, molecular layer	DG-mo	Dentate gyrus	Geometry	4831	4114.3	10703	726	0	0	0	0	NaN	0	1836235.5	17699
JKAY23.5d_2_Scan1_[3819,46070]_component_data_merged_Region 4.ome.tif	Dentate gyrus, polymorph layer	DG-po	Dentate gyrus	Geometry	7809.6	4575.5	10704	726	0	0	0	0	NaN	0	190316	4331.8
JKAY23.5d_2_Scan1_[3819,46070]_component_data_merged_Region 4.ome.tif	Ammon's horn	CA	Hippocampal region	Geometry	8334.7	4487	375	1080	0	0	0	0	NaN	0	2519904.4	10630.2
JKAY23.5d_2_Scan1_[3819,46070]_component_data_merged_Region 4.ome.tif	Field CA1	CA1	Ammon's horn	Polygon	8457.3	4465.9	382	375	0	0	0	0	NaN	0	2114965.6	7539.8
JKAY23.5d_2_Scan1_[3819,46070]_component_data_merged_Region 4.ome.tif	Field CA3	CA3	Ammon's horn	Geometry	7695.9	4595	463	375	0	0	0	0	NaN	0	404940.5	3090.3
JKAY23.5d_2_Scan1_[3819,46070]_component_data_merged_Region 4.ome.tif	Retrohippocampal region	RHP	Hippocampal formation	Geometry	3260.4	3946.6	822	1089	0	0	0	0	NaN	0	8654437.6	29925.1
JKAY23.5d_2_Scan1_[3819,46070]_component_data_merged_Region 4.ome.tif	Prosubiculum	ProS	Retrohippocampal region	Geometry	3440.6	3978	484682470	822	0	0	0	0	NaN	0	830146.7	15172.3
JKAY23.5d_2_Scan1_[3819,46070]_component_data_merged_Region 4.ome.tif	Postsubiculum	POST	Retrohippocampal region	Geometry	5022.5	2103.7	1037	822	0	0	0	0	NaN	0	1122444.5	7902.5
JKAY23.5d_2_Scan1_[3819,46070]_component_data_merged_Region 4.ome.tif	Presubiculum	PRE	Retrohippocampal region	Geometry	2618.9	2834.9	1084	822	0	0	0	0	NaN	0	329581.2	4035.5
JKAY23.5d_2_Scan1_[3819,46070]_component_data_merged_Region 4.ome.tif	Hippocampo-amygdalar transition area	HATA	Retrohippocampal region	Geometry	3126.4	5431.1	589508447	822	0	0	0	0	NaN	0	464332.9	3883.8
JKAY23.5d_2_Scan1_[3819,46070]_component_data_merged_Region 4.ome.tif	Entorhinal area	ENT	Retrohippocampal region	Geometry	3010.9	4748.6	909	822	0	0	0	0	NaN	0	3745746.4	12176
JKAY23.5d_2_Scan1_[3819,46070]_component_data_merged_Region 4.ome.tif	Entorhinal area, lateral part	ENTl	Entorhinal area	Geometry	3524.9	4506.9	918	909	0	0	0	0	NaN	0	2824445.3	10039.1
JKAY23.5d_2_Scan1_[3819,46070]_component_data_merged_Region 4.ome.tif	Entorhinal area, lateral part, layer 2	ENTl2	Entorhinal area, lateral part	Geometry	3389.2	4561.1	20	918	0	0	0	0	NaN	0	705787.5	7344.4
JKAY23.5d_2_Scan1_[3819,46070]_component_data_merged_Region 4.ome.tif	Entorhinal area, lateral part, layer 6a	ENTl6a	Entorhinal area, lateral part	Geometry	3101	4296.4	28	918	0	0	0	0	NaN	0	487522.5	6628.4
JKAY23.5d_2_Scan1_[3819,46070]_component_data_merged_Region 4.ome.tif	Entorhinal area, lateral part, layer 3	ENTl3	Entorhinal area, lateral part	Geometry	3715.8	4542.5	52	918	0	0	0	0	NaN	0	592608.7	7107.8
JKAY23.5d_2_Scan1_[3819,46070]_component_data_merged_Region 4.ome.tif	Entorhinal area, lateral part, layer 1	ENTl1	Entorhinal area, lateral part	Geometry	3437.9	4603.9	1121	918	0	0	0	0	NaN	0	392211.8	7117
JKAY23.5d_2_Scan1_[3819,46070]_component_data_merged_Region 4.ome.tif	Entorhinal area, lateral part, layer 5	ENTl5	Entorhinal area, lateral part	Geometry	3870.4	4515	139	918	0	0	0	0	NaN	0	646314.8	6945
JKAY23.5d_2_Scan1_[3819,46070]_component_data_merged_Region 4.ome.tif	Entorhinal area, medial part, dorsal zone	ENTm	Entorhinal area	Polygon	1435.4	5489.3	926	909	0	0	0	0	NaN	0	921302.1	4105.4
JKAY23.5d_2_Scan1_[3819,46070]_component_data_merged_Region 4.ome.tif	Entorhinal area, medial part, dorsal zone, layer 1	ENTm1	Entorhinal area, medial part, dorsal zone	Polygon	1383.2	5713.1	526	926	0	0	0	0	NaN	0	251586.2	3748.1
JKAY23.5d_2_Scan1_[3819,46070]_component_data_merged_Region 4.ome.tif	Entorhinal area, medial part, dorsal zone, layer 2	ENTm2	Entorhinal area, medial part, dorsal zone	Polygon	1410.8	5573.6	543	926	0	0	0	0	NaN	0	230863.6	3282.4
JKAY23.5d_2_Scan1_[3819,46070]_component_data_merged_Region 4.ome.tif	Entorhinal area, medial part, dorsal zone, layer 3	ENTm3	Entorhinal area, medial part, dorsal zone	Polygon	1414.7	5426.9	664	926	0	0	0	0	NaN	0	169561.2	2730.2
JKAY23.5d_2_Scan1_[3819,46070]_component_data_merged_Region 4.ome.tif	Entorhinal area, medial part, dorsal zone, layer 5	ENTm5	Entorhinal area, medial part, dorsal zone	Polygon	1490.8	5311.7	727	926	0	0	0	0	NaN	0	163595.9	2194.7
JKAY23.5d_2_Scan1_[3819,46070]_component_data_merged_Region 4.ome.tif	Entorhinal area, medial part, dorsal zone, layer 6	ENTm6	Entorhinal area, medial part, dorsal zone	Polygon	1559.8	5147.8	743	926	0	0	0	0	NaN	0	105695.9	1604
JKAY23.5d_2_Scan1_[3819,46070]_component_data_merged_Region 4.ome.tif	Subiculum	SUB	Retrohippocampal region	Geometry	2835.2	3352.5	502	822	0	0	0	0	NaN	0	2162185.9	17815.9
JKAY23.5d_2_Scan1_[3819,46070]_component_data_merged_Region 4.ome.tif	Olfactory areas	OLF	Cortical plate	Geometry	8390.5	6016.3	698	695	0	0	0	0	NaN	0	1088652.1	5918.7
JKAY23.5d_2_Scan1_[3819,46070]_component_data_merged_Region 4.ome.tif	Postpiriform transition area	TR	Olfactory areas	Polygon	8740.8	5863.9	566	698	0	0	0	0	NaN	0	675458.6	3522.7
JKAY23.5d_2_Scan1_[3819,46070]_component_data_merged_Region 4.ome.tif	Cortical amygdalar area	COA	Olfactory areas	Geometry	7816.2	6266.9	631	698	0	0	0	0	NaN	0	412302.5	3389
JKAY23.5d_2_Scan1_[3819,46070]_component_data_merged_Region 4.ome.tif	Cortical amygdalar area, posterior part	COAp	Cortical amygdalar area	Geometry	7816.2	6266.9	647	631	0	0	0	0	NaN	0	412302.5	3389
JKAY23.5d_2_Scan1_[3819,46070]_component_data_merged_Region 4.ome.tif	Cortical amygdalar area, posterior part, lateral zone	COApl	Cortical amygdalar area, posterior part	Polygon	8315.1	6202.5	655	647	0	0	0	0	NaN	0	129668.9	1755.3
JKAY23.5d_2_Scan1_[3819,46070]_component_data_merged_Region 4.ome.tif	Cortical amygdalar area, posterior part, medial zone	COApm	Cortical amygdalar area, posterior part	Geometry	7587.4	6296.5	663	647	0	0	0	0	NaN	0	282633.3	3037.8
JKAY23.5d_2_Scan1_[3819,46070]_component_data_merged_Region 4.ome.tif	Isocortex	Isocortex	Cortical plate	Geometry	5532.5	2009.4	315	695	0	0	0	0	NaN	0	8752708	25900.6
JKAY23.5d_2_Scan1_[3819,46070]_component_data_merged_Region 4.ome.tif	Temporal association areas	TEa	Isocortex	Geometry	7602.7	3181.7	541	315	0	0	0	0	NaN	0	1154885.1	8958.4
JKAY23.5d_2_Scan1_[3819,46070]_component_data_merged_Region 4.ome.tif	Temporal association areas, layer 1	TEa1	Temporal association areas	Geometry	5722.5	2862.7	97	541	0	0	0	0	NaN	0	208081.3	4348.4
JKAY23.5d_2_Scan1_[3819,46070]_component_data_merged_Region 4.ome.tif	Temporal association areas, layer 2/3	TEa2/3	Temporal association areas	Geometry	6439.3	2970.8	1127	541	0	0	0	0	NaN	0	271895.9	4483.5
JKAY23.5d_2_Scan1_[3819,46070]_component_data_merged_Region 4.ome.tif	Temporal association areas, layer 6a	TEa6a	Temporal association areas	Geometry	9200.7	3522.4	729	541	0	0	0	0	NaN	0	183743	3038.9
JKAY23.5d_2_Scan1_[3819,46070]_component_data_merged_Region 4.ome.tif	Temporal association areas, layer 4	TEa4	Temporal association areas	Geometry	7615.7	3072.4	234	541	0	0	0	0	NaN	0	122811.7	3413.1
JKAY23.5d_2_Scan1_[3819,46070]_component_data_merged_Region 4.ome.tif	Temporal association areas, layer 6b	TEa6b	Temporal association areas	Geometry	9111	3552.5	786	541	0	0	0	0	NaN	0	43175.1	2354.4
JKAY23.5d_2_Scan1_[3819,46070]_component_data_merged_Region 4.ome.tif	Temporal association areas, layer 5	TEa5	Temporal association areas	Geometry	8670.4	3361.6	289	541	0	0	0	0	NaN	0	325178.1	4458.1
JKAY23.5d_2_Scan1_[3819,46070]_component_data_merged_Region 4.ome.tif	Visual areas	VIS	Isocortex	Geometry	4913.8	1681.6	669	315	0	0	0	0	NaN	0	5059902	17132.3
JKAY23.5d_2_Scan1_[3819,46070]_component_data_merged_Region 4.ome.tif	posteromedial visual area	VISpm	Visual areas	Geometry	5471.7	678.67	533	669	0	0	0	0	NaN	0	135285.6	2580.1
JKAY23.5d_2_Scan1_[3819,46070]_component_data_merged_Region 4.ome.tif	posteromedial visual area, layer 2/3	VISpm2/3	posteromedial visual area	Geometry	5336.7	622.81	41	533	0	0	0	0	NaN	0	54207.2	1391.2
JKAY23.5d_2_Scan1_[3819,46070]_component_data_merged_Region 4.ome.tif	posteromedial visual area, layer 5	VISpm5	posteromedial visual area	Geometry	5738.8	851.9	565	533	0	0	0	0	NaN	0	33507.2	1185.2
JKAY23.5d_2_Scan1_[3819,46070]_component_data_merged_Region 4.ome.tif	posteromedial visual area, layer 6a	VISpm6a	posteromedial visual area	Geometry	6432.2	1095.5	257	533	0	0	0	0	NaN	0	3780.7	390.59
JKAY23.5d_2_Scan1_[3819,46070]_component_data_merged_Region 4.ome.tif	posteromedial visual area, layer 1	VISpm1	posteromedial visual area	Geometry	5379.4	528.65	805	533	0	0	0	0	NaN	0	31432.5	1208.8
JKAY23.5d_2_Scan1_[3819,46070]_component_data_merged_Region 4.ome.tif	posteromedial visual area, layer 4	VISpm4	posteromedial visual area	Geometry	5280.5	708.1	501	533	0	0	0	0	NaN	0	12358	892.74
JKAY23.5d_2_Scan1_[3819,46070]_component_data_merged_Region 4.ome.tif	Laterointermediate area	VISli	Visual areas	Geometry	5358.5	2316.8	312782574	669	0	0	0	0	NaN	0	436802.4	4590.2
JKAY23.5d_2_Scan1_[3819,46070]_component_data_merged_Region 4.ome.tif	Laterointermediate area, layer 2/3	VISli2/3	Laterointermediate area	Geometry	5249.6	2142.2	312782582	312782574	0	0	0	0	NaN	0	94103.7	1800.1
JKAY23.5d_2_Scan1_[3819,46070]_component_data_merged_Region 4.ome.tif	Laterointermediate area, layer 1	VISli1	Laterointermediate area	Geometry	5499.7	2070.9	312782578	312782574	0	0	0	0	NaN	0	56246	1492.6
JKAY23.5d_2_Scan1_[3819,46070]_component_data_merged_Region 4.ome.tif	Laterointermediate area, layer 5	VISli5	Laterointermediate area	Geometry	5255.3	2373.2	312782590	312782574	0	0	0	0	NaN	0	140959.3	2130.8
JKAY23.5d_2_Scan1_[3819,46070]_component_data_merged_Region 4.ome.tif	Laterointermediate area, layer 4	VISli4	Laterointermediate area	Geometry	5406.2	2253.6	312782586	312782574	0	0	0	0	NaN	0	47579.2	1480.3
JKAY23.5d_2_Scan1_[3819,46070]_component_data_merged_Region 4.ome.tif	Laterointermediate area, layer 6b	VISli6b	Laterointermediate area	Geometry	6230	2730.5	312782598	312782574	0	0	0	0	NaN	0	14296	930.78
JKAY23.5d_2_Scan1_[3819,46070]_component_data_merged_Region 4.ome.tif	Laterointermediate area, layer 6a	VISli6a	Laterointermediate area	Geometry	5383.7	2548.8	312782594	312782574	0	0	0	0	NaN	0	83618.2	1704.3
JKAY23.5d_2_Scan1_[3819,46070]_component_data_merged_Region 4.ome.tif	Postrhinal area	VISpor	Visual areas	Geometry	1353.3	2284.6	312782628	669	0	0	0	0	NaN	0	560491.2	3849
JKAY23.5d_2_Scan1_[3819,46070]_component_data_merged_Region 4.ome.tif	Postrhinal area, layer 2/3	VISpor2/3	Postrhinal area	Geometry	1202.3	2033.7	312782636	312782628	0	0	0	0	NaN	0	90016.4	1626.8
JKAY23.5d_2_Scan1_[3819,46070]_component_data_merged_Region 4.ome.tif	Postrhinal area, layer 1	VISpor1	Postrhinal area	Geometry	1141.9	1897.5	312782632	312782628	0	0	0	0	NaN	0	42681.3	1155.9
JKAY23.5d_2_Scan1_[3819,46070]_component_data_merged_Region 4.ome.tif	Postrhinal area, layer 5	VISpor5	Postrhinal area	Geometry	1348.4	2331.8	312782644	312782628	0	0	0	0	NaN	0	197788.2	2273.4
JKAY23.5d_2_Scan1_[3819,46070]_component_data_merged_Region 4.ome.tif	Postrhinal area, layer 4	VISpor4	Postrhinal area	Geometry	1263	2154.7	312782640	312782628	0	0	0	0	NaN	0	54868.3	1650.2
JKAY23.5d_2_Scan1_[3819,46070]_component_data_merged_Region 4.ome.tif	Postrhinal area, layer 6b	VISpor6b	Postrhinal area	Polygon	1591.1	2535.3	312782652	312782628	0	0	0	0	NaN	0	35361.9	1965.4
JKAY23.5d_2_Scan1_[3819,46070]_component_data_merged_Region 4.ome.tif	Postrhinal area, layer 6a	VISpor6a	Postrhinal area	Geometry	1498	2484.2	312782648	312782628	0	0	0	0	NaN	0	139775.6	2085.2
JKAY23.5d_2_Scan1_[3819,46070]_component_data_merged_Region 4.ome.tif	Primary visual area	VISp	Visual areas	Geometry	5262.7	1397.4	385	669	0	0	0	0	NaN	0	3048292.3	11515.6
JKAY23.5d_2_Scan1_[3819,46070]_component_data_merged_Region 4.ome.tif	Primary visual area, layer 6a	VISp6a	Primary visual area	Geometry	5208.2	1655.4	33	385	0	0	0	0	NaN	0	568452.5	8590.5
JKAY23.5d_2_Scan1_[3819,46070]_component_data_merged_Region 4.ome.tif	Primary visual area, layer 1	VISp1	Primary visual area	Geometry	5315.2	1140.8	593	385	0	0	0	0	NaN	0	407093.2	9325.1
JKAY23.5d_2_Scan1_[3819,46070]_component_data_merged_Region 4.ome.tif	Primary visual area, layer 4	VISp4	Primary visual area	Geometry	5298.8	1412.5	721	385	0	0	0	0	NaN	0	438604.8	9038.5
JKAY23.5d_2_Scan1_[3819,46070]_component_data_merged_Region 4.ome.tif	Primary visual area, layer 5	VISp5	Primary visual area	Geometry	5258.7	1478.1	778	385	0	0	0	0	NaN	0	734282.1	9258.2
JKAY23.5d_2_Scan1_[3819,46070]_component_data_merged_Region 4.ome.tif	Primary visual area, layer 6b	VISp6b	Primary visual area	Geometry	5529.3	1847.6	305	385	0	0	0	0	NaN	0	93236.6	6908.2
JKAY23.5d_2_Scan1_[3819,46070]_component_data_merged_Region 4.ome.tif	Primary visual area, layer 2/3	VISp2/3	Primary visual area	Geometry	5227.7	1211.4	821	385	0	0	0	0	NaN	0	806623.1	9452.2
JKAY23.5d_2_Scan1_[3819,46070]_component_data_merged_Region 4.ome.tif	Lateral visual area	VISl	Visual areas	Geometry	5667.7	2121.7	409	669	0	0	0	0	NaN	0	879030.4	5630.5
JKAY23.5d_2_Scan1_[3819,46070]_component_data_merged_Region 4.ome.tif	Lateral visual area, layer 4	VISl4	Lateral visual area	Geometry	5667.6	2059.8	573	409	0	0	0	0	NaN	0	127912.5	2609.9
JKAY23.5d_2_Scan1_[3819,46070]_component_data_merged_Region 4.ome.tif	Lateral visual area, layer 6a	VISl6a	Lateral visual area	Geometry	5424	2346.9	74	409	0	0	0	0	NaN	0	174319.6	2636.3
JKAY23.5d_2_Scan1_[3819,46070]_component_data_merged_Region 4.ome.tif	Lateral visual area, layer 5	VISl5	Lateral visual area	Geometry	5763.2	2220.8	613	409	0	0	0	0	NaN	0	231868	2944.2
JKAY23.5d_2_Scan1_[3819,46070]_component_data_merged_Region 4.ome.tif	Lateral visual area, layer 6b	VISl6b	Lateral visual area	Geometry	5674	2470	121	409	0	0	0	0	NaN	0	31683.5	1955.9
JKAY23.5d_2_Scan1_[3819,46070]_component_data_merged_Region 4.ome.tif	Lateral visual area, layer 1	VISl1	Lateral visual area	Geometry	5783.9	1847.7	421	409	0	0	0	0	NaN	0	114277.1	2668.7
JKAY23.5d_2_Scan1_[3819,46070]_component_data_merged_Region 4.ome.tif	Lateral visual area, layer 2/3	VISl2/3	Lateral visual area	Geometry	5702.2	1950.4	973	409	0	0	0	0	NaN	0	198969.7	2895.5
JKAY23.5d_2_Scan1_[3819,46070]_component_data_merged_Region 4.ome.tif	Frontal pole, cerebral cortex	FRP	Isocortex	Polygon	9174.9	4559.6	184	315	0	0	0	0	NaN	0	19.42	26.66
JKAY23.5d_2_Scan1_[3819,46070]_component_data_merged_Region 4.ome.tif	Frontal pole, layer 6b	FRP6b	Frontal pole, cerebral cortex	Polygon	9174.9	4559.6	526322264	184	0	0	0	0	NaN	0	19.42	26.66
JKAY23.5d_2_Scan1_[3819,46070]_component_data_merged_Region 4.ome.tif	Auditory areas	AUD	Isocortex	Geometry	9722.1	3343.9	247	315	0	0	0	0	NaN	0	418730	3145.1
JKAY23.5d_2_Scan1_[3819,46070]_component_data_merged_Region 4.ome.tif	Posterior auditory area	AUDpo	Auditory areas	Geometry	9662.2	3132.4	1027	247	0	0	0	0	NaN	0	145952.2	2021.3
JKAY23.5d_2_Scan1_[3819,46070]_component_data_merged_Region 4.ome.tif	Posterior auditory area, layer 2/3	AUDpo2/3	Posterior auditory area	Geometry	9694.5	3100.9	643	1027	0	0	0	0	NaN	0	45076.8	922.83
JKAY23.5d_2_Scan1_[3819,46070]_component_data_merged_Region 4.ome.tif	Posterior auditory area, layer 1	AUDpo1	Posterior auditory area	Polygon	9797	2982.5	696	1027	0	0	0	0	NaN	0	46389.9	980.43
JKAY23.5d_2_Scan1_[3819,46070]_component_data_merged_Region 4.ome.tif	Posterior auditory area, layer 4	AUDpo4	Posterior auditory area	Geometry	9585.1	3210.1	759	1027	0	0	0	0	NaN	0	23586.9	677.88
JKAY23.5d_2_Scan1_[3819,46070]_component_data_merged_Region 4.ome.tif	Posterior auditory area, layer 5	AUDpo5	Posterior auditory area	Geometry	9472.1	3343.4	791	1027	0	0	0	0	NaN	0	30898.2	883.09
JKAY23.5d_2_Scan1_[3819,46070]_component_data_merged_Region 4.ome.tif	Ventral auditory area	AUDv	Auditory areas	Geometry	9754.1	3457.1	1018	247	0	0	0	0	NaN	0	272777.7	2533.1
JKAY23.5d_2_Scan1_[3819,46070]_component_data_merged_Region 4.ome.tif	Ventral auditory area, layer 6a	AUDv6a	Ventral auditory area	Geometry	9353.4	3611.3	520	1018	0	0	0	0	NaN	0	8212.3	577.66
JKAY23.5d_2_Scan1_[3819,46070]_component_data_merged_Region 4.ome.tif	Ventral auditory area, layer 2/3	AUDv2/3	Ventral auditory area	Polygon	9847.7	3416.6	755	1018	0	0	0	0	NaN	0	68930.3	1251.9
JKAY23.5d_2_Scan1_[3819,46070]_component_data_merged_Region 4.ome.tif	Ventral auditory area, layer 1	AUDv1	Ventral auditory area	Polygon	9979.8	3377.3	959	1018	0	0	0	0	NaN	0	69051.3	1337.5
JKAY23.5d_2_Scan1_[3819,46070]_component_data_merged_Region 4.ome.tif	Ventral auditory area, layer 4	AUDv4	Ventral auditory area	Polygon	9728.3	3464.8	990	1018	0	0	0	0	NaN	0	41716.2	1012.7
JKAY23.5d_2_Scan1_[3819,46070]_component_data_merged_Region 4.ome.tif	Ventral auditory area, layer 5	AUDv5	Ventral auditory area	Polygon	9547.4	3535.1	1023	1018	0	0	0	0	NaN	0	84867.5	1216.1
JKAY23.5d_2_Scan1_[3819,46070]_component_data_merged_Region 4.ome.tif	Retrosplenial area	RSP	Isocortex	Geometry	4990.9	887.07	254	315	0	0	0	0	NaN	0	1350777	7519.7
JKAY23.5d_2_Scan1_[3819,46070]_component_data_merged_Region 4.ome.tif	Retrosplenial area, dorsal part	RSPd	Retrosplenial area	Geometry	4793.5	783.38	879	254	0	0	0	0	NaN	0	582027.8	7192.8
JKAY23.5d_2_Scan1_[3819,46070]_component_data_merged_Region 4.ome.tif	Retrosplenial area, dorsal part, layer 5	RSPd5	Retrosplenial area, dorsal part	Geometry	4787.6	786.6	610	879	0	0	0	0	NaN	0	189001.1	3476.9
JKAY23.5d_2_Scan1_[3819,46070]_component_data_merged_Region 4.ome.tif	Retrosplenial area, dorsal part, layer 6a	RSPd6a	Retrosplenial area, dorsal part	Geometry	4442.5	1033.3	274	879	0	0	0	0	NaN	0	142814.4	2693.5
JKAY23.5d_2_Scan1_[3819,46070]_component_data_merged_Region 4.ome.tif	Retrosplenial area, dorsal part, layer 6b	RSPd6b	Retrosplenial area, dorsal part	Geometry	5159.2	1267.2	330	879	0	0	0	0	NaN	0	3371.5	337.55
JKAY23.5d_2_Scan1_[3819,46070]_component_data_merged_Region 4.ome.tif	Retrosplenial area, dorsal part, layer 2/3	RSPd2/3	Retrosplenial area, dorsal part	Geometry	4955.5	651.77	434	879	0	0	0	0	NaN	0	137687.9	3193.4
JKAY23.5d_2_Scan1_[3819,46070]_component_data_merged_Region 4.ome.tif	Retrosplenial area, dorsal part, layer 1	RSPd1	Retrosplenial area, dorsal part	Geometry	5046.9	601.99	442	879	0	0	0	0	NaN	0	109178.8	3149.7
JKAY23.5d_2_Scan1_[3819,46070]_component_data_merged_Region 4.ome.tif	Retrosplenial area, ventral part	RSPv	Retrosplenial area	Geometry	5249.3	1172.5	886	254	0	0	0	0	NaN	0	461104.5	6538.5
JKAY23.5d_2_Scan1_[3819,46070]_component_data_merged_Region 4.ome.tif	Retrosplenial area, ventral part, layer 1	RSPv1	Retrosplenial area, ventral part	Geometry	5087.9	1122.8	542	886	0	0	0	0	NaN	0	166589.2	5147
JKAY23.5d_2_Scan1_[3819,46070]_component_data_merged_Region 4.ome.tif	Retrosplenial area, ventral part, layer 6a	RSPv6a	Retrosplenial area, ventral part	Geometry	6032.6	1329.3	590	886	0	0	0	0	NaN	0	43048.2	2029.1
JKAY23.5d_2_Scan1_[3819,46070]_component_data_merged_Region 4.ome.tif	Retrosplenial area, ventral part, layer 6b	RSPv6b	Retrosplenial area, ventral part	Polygon	6485.8	1374.1	622	886	0	0	0	0	NaN	0	158.81	77.14
JKAY23.5d_2_Scan1_[3819,46070]_component_data_merged_Region 4.ome.tif	Retrosplenial area, ventral part, layer 5	RSPv5	Retrosplenial area, ventral part	Geometry	5299.7	1210.1	687	886	0	0	0	0	NaN	0	141279.7	3957.4
JKAY23.5d_2_Scan1_[3819,46070]_component_data_merged_Region 4.ome.tif	Retrosplenial area, ventral part, layer 2/3	RSPv2/3	Retrosplenial area, ventral part	Geometry	5120.9	1137.7	430	886	0	0	0	0	NaN	0	110028.6	4543.7
JKAY23.5d_2_Scan1_[3819,46070]_component_data_merged_Region 4.ome.tif	Retrosplenial area, lateral agranular part	RSPagl	Retrosplenial area	Geometry	4977.5	655.4	894	254	0	0	0	0	NaN	0	307544	5158.3
JKAY23.5d_2_Scan1_[3819,46070]_component_data_merged_Region 4.ome.tif	Retrosplenial area, lateral agranular part, layer 1	RSPagl1	Retrosplenial area, lateral agranular part	Geometry	4994.8	441.11	671	894	0	0	0	0	NaN	0	48225.3	1762.2
JKAY23.5d_2_Scan1_[3819,46070]_component_data_merged_Region 4.ome.tif	Retrosplenial area, lateral agranular part, layer 5	RSPagl5	Retrosplenial area, lateral agranular part	Geometry	5016.5	710.41	774	894	0	0	0	0	NaN	0	121682.2	2385.7
JKAY23.5d_2_Scan1_[3819,46070]_component_data_merged_Region 4.ome.tif	Retrosplenial area, lateral agranular part, layer 6b	RSPagl6b	Retrosplenial area, lateral agranular part	Geometry	4576.2	1230.3	279	894	0	0	0	0	NaN	0	1227.7	241.03
JKAY23.5d_2_Scan1_[3819,46070]_component_data_merged_Region 4.ome.tif	Retrosplenial area, lateral agranular part, layer 6a	RSPagl6a	Retrosplenial area, lateral agranular part	Geometry	4977.6	988.15	906	894	0	0	0	0	NaN	0	43233.7	2368.9
JKAY23.5d_2_Scan1_[3819,46070]_component_data_merged_Region 4.ome.tif	Retrosplenial area, lateral agranular part, layer 2/3	RSPagl2/3	Retrosplenial area, lateral agranular part	Geometry	4922.7	532.5	965	894	0	0	0	0	NaN	0	93175	2082.6
JKAY23.5d_2_Scan1_[3819,46070]_component_data_merged_Region 4.ome.tif	Ectorhinal area	ECT	Isocortex	Geometry	5084.5	3533.1	895	315	0	0	0	0	NaN	0	464604.1	4842.2
JKAY23.5d_2_Scan1_[3819,46070]_component_data_merged_Region 4.ome.tif	Ectorhinal area/Layer 6b	ECT6b	Ectorhinal area	Geometry	4995.7	3565	1045	895	0	0	0	0	NaN	0	16040.6	1140
JKAY23.5d_2_Scan1_[3819,46070]_component_data_merged_Region 4.ome.tif	Ectorhinal area/Layer 1	ECT1	Ectorhinal area	Geometry	4868.4	3533.5	836	895	0	0	0	0	NaN	0	81849.9	1961.1
JKAY23.5d_2_Scan1_[3819,46070]_component_data_merged_Region 4.ome.tif	Ectorhinal area/Layer 2/3	ECT2/3	Ectorhinal area	Geometry	5229.6	3538.3	427	895	0	0	0	0	NaN	0	142233.1	2340.9
JKAY23.5d_2_Scan1_[3819,46070]_component_data_merged_Region 4.ome.tif	Ectorhinal area/Layer 6a	ECT6a	Ectorhinal area	Geometry	5601.3	3639.1	977	895	0	0	0	0	NaN	0	81954.2	1844.9
JKAY23.5d_2_Scan1_[3819,46070]_component_data_merged_Region 4.ome.tif	Ectorhinal area/Layer 5	ECT5	Ectorhinal area	Geometry	4776.6	3463.1	988	895	0	0	0	0	NaN	0	142526.4	2340.7
JKAY23.5d_2_Scan1_[3819,46070]_component_data_merged_Region 4.ome.tif	Perirhinal area	PERI	Isocortex	Geometry	5283.4	3832.7	922	315	0	0	0	0	NaN	0	303752.1	4176.7
JKAY23.5d_2_Scan1_[3819,46070]_component_data_merged_Region 4.ome.tif	Perirhinal area, layer 1	PERI1	Perirhinal area	Geometry	5582.4	3924.4	540	922	0	0	0	0	NaN	0	74152.5	1793.6
JKAY23.5d_2_Scan1_[3819,46070]_component_data_merged_Region 4.ome.tif	Perirhinal area, layer 5	PERI5	Perirhinal area	Geometry	4932.9	3747.5	692	922	0	0	0	0	NaN	0	75005.9	1594.1
JKAY23.5d_2_Scan1_[3819,46070]_component_data_merged_Region 4.ome.tif	Perirhinal area, layer 6a	PERI6a	Perirhinal area	Geometry	5473.5	3836.4	335	922	0	0	0	0	NaN	0	31710	1210.7
JKAY23.5d_2_Scan1_[3819,46070]_component_data_merged_Region 4.ome.tif	Perirhinal area, layer 6b	PERI6b	Perirhinal area	Geometry	8881.2	4415.7	368	922	0	0	0	0	NaN	0	4875.1	506.35
JKAY23.5d_2_Scan1_[3819,46070]_component_data_merged_Region 4.ome.tif	Perirhinal area, layer 2/3	PERI2/3	Perirhinal area	Geometry	5119.9	3804.3	888	922	0	0	0	0	NaN	0	118046.9	2182
JKAY23.5d_2_Scan1_[3819,46070]_component_data_merged_Region 4.ome.tif	Cortical subplate	CTXsp	Cerebral cortex	Geometry	7970	5874.2	703	688	0	0	0	0	NaN	0	154587.7	3317.8
JKAY23.5d_2_Scan1_[3819,46070]_component_data_merged_Region 4.ome.tif	Posterior amygdalar nucleus	PA	Cortical subplate	Geometry	7776.1	5995.9	780	703	0	0	0	0	NaN	0	113591.1	1791.6
JKAY23.5d_2_Scan1_[3819,46070]_component_data_merged_Region 4.ome.tif	Endopiriform nucleus	EP	Cortical subplate	Polygon	8528.2	5530.4	942	703	0	0	0	0	NaN	0	36320.2	841.13
JKAY23.5d_2_Scan1_[3819,46070]_component_data_merged_Region 4.ome.tif	Endopiriform nucleus, ventral part	EPv	Endopiriform nucleus	Polygon	8528.2	5530.4	966	942	0	0	0	0	NaN	0	36320.2	841.13
JKAY23.5d_2_Scan1_[3819,46070]_component_data_merged_Region 4.ome.tif	Brain stem	BS	Basic cell groups and regions	Geometry	5041.4	3915.3	343	8	0	375	312	63	16.8	3.296	19116309.6	39233.1
JKAY23.5d_2_Scan1_[3819,46070]_component_data_merged_Region 4.ome.tif	Hindbrain	HB	Brain stem	Geometry	5087.1	6379	1065	343	0	0	0	0	NaN	0	3135382.3	14990.9
JKAY23.5d_2_Scan1_[3819,46070]_component_data_merged_Region 4.ome.tif	Pons	P	Hindbrain	Geometry	5087.1	6379	771	1065	0	0	0	0	NaN	0	3135382.3	14990.9
JKAY23.5d_2_Scan1_[3819,46070]_component_data_merged_Region 4.ome.tif	Pons, behavioral state related	P-sat	Pons	Geometry	4595.4	5421.7	1117	771	0	0	0	0	NaN	0	446659	3877.6
JKAY23.5d_2_Scan1_[3819,46070]_component_data_merged_Region 4.ome.tif	Pontine reticular nucleus	PRNr	Pons, behavioral state related	Geometry	4595.4	5421.7	146	1117	0	0	0	0	NaN	0	446659	3877.6
JKAY23.5d_2_Scan1_[3819,46070]_component_data_merged_Region 4.ome.tif	Pons, motor related	P-mot	Pons	Geometry	5171.2	6528.7	987	771	0	0	0	0	NaN	0	2002912	8457.5
JKAY23.5d_2_Scan1_[3819,46070]_component_data_merged_Region 4.ome.tif	Tegmental reticular nucleus	TRN	Pons, motor related	Polygon	4286.1	6297.4	574	987	0	0	0	0	NaN	0	75496.9	1820.7
JKAY23.5d_2_Scan1_[3819,46070]_component_data_merged_Region 4.ome.tif	Pontine gray	PG	Pons, motor related	Geometry	5205.9	6537.7	931	987	0	0	0	0	NaN	0	1927415.1	8187.8
JKAY23.5d_2_Scan1_[3819,46070]_component_data_merged_Region 4.ome.tif	Interbrain	IB	Brain stem	Polygon	7283.4	4005.2	1129	343	0	0	0	0	NaN	0	182045.2	1706.6
JKAY23.5d_2_Scan1_[3819,46070]_component_data_merged_Region 4.ome.tif	Thalamus	TH	Interbrain	Polygon	7283.4	4005.2	549	1129	0	0	0	0	NaN	0	182045.2	1706.6
JKAY23.5d_2_Scan1_[3819,46070]_component_data_merged_Region 4.ome.tif	Thalamus, polymodal association cortex related	DORpm	Thalamus	Geometry	7190.4	4089.6	856	549	0	0	0	0	NaN	0	63070.8	1305.8
JKAY23.5d_2_Scan1_[3819,46070]_component_data_merged_Region 4.ome.tif	Intralaminar nuclei of the dorsal thalamus	ILM	Thalamus, polymodal association cortex related	Polygon	7168.2	4149.2	51	856	0	0	0	0	NaN	0	52263.2	895.12
JKAY23.5d_2_Scan1_[3819,46070]_component_data_merged_Region 4.ome.tif	Posterior intralaminar thalamic nucleus	PIL	Intralaminar nuclei of the dorsal thalamus	Polygon	7168.2	4149.2	560581563	51	0	0	0	0	NaN	0	52263.2	895.12
JKAY23.5d_2_Scan1_[3819,46070]_component_data_merged_Region 4.ome.tif	Lateral group of the dorsal thalamus	LAT	Thalamus, polymodal association cortex related	Polygon	7298.6	3801	138	856	0	0	0	0	NaN	0	10807.6	410.68
JKAY23.5d_2_Scan1_[3819,46070]_component_data_merged_Region 4.ome.tif	Suprageniculate nucleus	SGN	Lateral group of the dorsal thalamus	Polygon	7298.6	3801	325	138	0	0	0	0	NaN	0	10807.6	410.68
JKAY23.5d_2_Scan1_[3819,46070]_component_data_merged_Region 4.ome.tif	Thalamus, sensory-motor cortex related	DORsm	Thalamus	Polygon	7370.1	3956.2	864	549	0	0	0	0	NaN	0	94776.9	1241.1
JKAY23.5d_2_Scan1_[3819,46070]_component_data_merged_Region 4.ome.tif	Geniculate group, dorsal thalamus	GENd	Thalamus, sensory-motor cortex related	Polygon	7370.1	3956.2	1008	864	0	0	0	0	NaN	0	94776.9	1241.1
JKAY23.5d_2_Scan1_[3819,46070]_component_data_merged_Region 4.ome.tif	Medial geniculate complex	MG	Geniculate group, dorsal thalamus	Polygon	7370.1	3956.2	475	1008	0	0	0	0	NaN	0	94776.9	1241.1
JKAY23.5d_2_Scan1_[3819,46070]_component_data_merged_Region 4.ome.tif	Medial geniculate complex, dorsal part	MGd	Medial geniculate complex	Polygon	7428.7	3829.7	1072	475	0	0	0	0	NaN	0	28934.7	722.56
JKAY23.5d_2_Scan1_[3819,46070]_component_data_merged_Region 4.ome.tif	Medial geniculate complex, ventral part	MGv	Medial geniculate complex	Polygon	7386.2	4025.9	1079	475	0	0	0	0	NaN	0	44043.1	788.26
JKAY23.5d_2_Scan1_[3819,46070]_component_data_merged_Region 4.ome.tif	Medial geniculate complex, medial part	MGm	Medial geniculate complex	Polygon	7261.1	3984	1088	475	0	0	0	0	NaN	0	21798.9	699.03
JKAY23.5d_2_Scan1_[3819,46070]_component_data_merged_Region 4.ome.tif	Midbrain	MB	Brain stem	Geometry	5006.5	3425.3	313	343	0	375	312	63	16.8	3.988	15798998.8	32312.7
JKAY23.5d_2_Scan1_[3819,46070]_component_data_merged_Region 4.ome.tif	Midbrain, motor related	MBmot	Midbrain	Geometry	5096.4	3259.2	323	313	0	373	310	63	16.89	5.653	11145493.4	31540.9
JKAY23.5d_2_Scan1_[3819,46070]_component_data_merged_Region 4.ome.tif	Oculomotor nucleus	III	Midbrain, motor related	Geometry	5013.1	3762.1	35	323	0	0	0	0	NaN	0	76561.5	1456.8
JKAY23.5d_2_Scan1_[3819,46070]_component_data_merged_Region 4.ome.tif	Midbrain reticular nucleus	MRN	Midbrain, motor related	Geometry	5007.4	3710.4	128	323	0	0	0	0	NaN	0	3167452.8	16146.7
JKAY23.5d_2_Scan1_[3819,46070]_component_data_merged_Region 4.ome.tif	Red nucleus	RN	Midbrain, motor related	Geometry	5060.5	4295	214	323	0	0	0	0	NaN	0	850627.7	4803.2
JKAY23.5d_2_Scan1_[3819,46070]_component_data_merged_Region 4.ome.tif	Ventral tegmental area	VTA	Midbrain, motor related	Polygon	5775.5	4987.3	749	323	0	0	0	0	NaN	0	2149.6	233.53
JKAY23.5d_2_Scan1_[3819,46070]_component_data_merged_Region 4.ome.tif	Midbrain reticular nucleus, retrorubral area	RR	Midbrain, motor related	Geometry	4686.2	4605	246	323	0	0	0	0	NaN	0	322431.8	3262.1
JKAY23.5d_2_Scan1_[3819,46070]_component_data_merged_Region 4.ome.tif	Periaqueductal gray	PAG	Midbrain, motor related	Polygon	5026.1	2946.6	795	323	0	369	306	63	17.07	42.86	1469767.6	6065.5
JKAY23.5d_2_Scan1_[3819,46070]_component_data_merged_Region 4.ome.tif	Superior colliculus, motor related	SCm	Midbrain, motor related	Polygon	5169.3	2293	294	323	0	4	4	0	0	0	4176452.3	11265.8
JKAY23.5d_2_Scan1_[3819,46070]_component_data_merged_Region 4.ome.tif	Superior colliculus, motor related, intermediate gray layer	SCig	Superior colliculus, motor related	Polygon	5255.5	2063.3	10	294	0	0	0	0	NaN	0	1549886.5	11942.7
JKAY23.5d_2_Scan1_[3819,46070]_component_data_merged_Region 4.ome.tif	Superior colliculus, motor related, intermediate white layer	SCiw	Superior colliculus, motor related	Polygon	5206.8	2390.2	17	294	0	0	0	0	NaN	0	1585664.7	9975.2
JKAY23.5d_2_Scan1_[3819,46070]_component_data_merged_Region 4.ome.tif	Superior colliculus, motor related, deep gray layer	SCdg	Superior colliculus, motor related	Polygon	4974.2	2491.6	26	294	0	0	0	0	NaN	0	858166.7	7417.4
JKAY23.5d_2_Scan1_[3819,46070]_component_data_merged_Region 4.ome.tif	Superior colliculus, motor related, deep white layer	SCdw	Superior colliculus, motor related	Polygon	5029	2463.3	42	294	0	4	4	0	0	0	182731.8	4823.5
JKAY23.5d_2_Scan1_[3819,46070]_component_data_merged_Region 4.ome.tif	Substantia nigra, reticular part	SNr	Midbrain, motor related	Geometry	5337	4873.1	381	323	0	0	0	0	NaN	0	1050443.4	7870.9
JKAY23.5d_2_Scan1_[3819,46070]_component_data_merged_Region 4.ome.tif	Edinger-Westphal nucleus	EW	Midbrain, motor related	Polygon	5018.1	3664.7	975	323	0	0	0	0	NaN	0	29384.2	718.96
JKAY23.5d_2_Scan1_[3819,46070]_component_data_merged_Region 4.ome.tif	Midbrain, sensory related	MBsen	Midbrain	Geometry	4995.6	1521.9	339	313	0	0	0	0	NaN	0	1313028.5	10253.2
JKAY23.5d_2_Scan1_[3819,46070]_component_data_merged_Region 4.ome.tif	Nucleus of the brachium of the inferior colliculus	NB	Midbrain, sensory related	Geometry	4726.2	3207.4	580	339	0	0	0	0	NaN	0	142827.1	2336.4
JKAY23.5d_2_Scan1_[3819,46070]_component_data_merged_Region 4.ome.tif	Superior colliculus, sensory related	SCs	Midbrain, sensory related	Polygon	5028.9	1315.7	302	339	0	0	0	0	NaN	0	1170202	7916.8
JKAY23.5d_2_Scan1_[3819,46070]_component_data_merged_Region 4.ome.tif	Superior colliculus, zonal layer	SCzo	Superior colliculus, sensory related	Polygon	5040.8	1217.8	834	302	0	0	0	0	NaN	0	164184.2	8575.3
JKAY23.5d_2_Scan1_[3819,46070]_component_data_merged_Region 4.ome.tif	Superior colliculus, superficial gray layer	SCsg	Superior colliculus, sensory related	Geometry	5022.2	1258.4	842	302	0	0	0	0	NaN	0	627888.5	7820
JKAY23.5d_2_Scan1_[3819,46070]_component_data_merged_Region 4.ome.tif	Superior colliculus, optic layer	SCop	Superior colliculus, sensory related	Polygon	5034.2	1454.3	851	302	0	0	0	0	NaN	0	378129.2	7532.8
JKAY23.5d_2_Scan1_[3819,46070]_component_data_merged_Region 4.ome.tif	Midbrain, behavioral state related	MBsta	Midbrain	Geometry	5116.4	5314.1	348	313	0	0	0	0	NaN	0	913760	7803.5
JKAY23.5d_2_Scan1_[3819,46070]_component_data_merged_Region 4.ome.tif	Midbrain raphe nuclei	RAmb	Midbrain, behavioral state related	Geometry	5005.8	5364.5	165	348	0	0	0	0	NaN	0	820829.8	5629
JKAY23.5d_2_Scan1_[3819,46070]_component_data_merged_Region 4.ome.tif	Interfascicular nucleus raphe	IF	Midbrain raphe nuclei	Polygon	4973	5147.2	12	165	0	0	0	0	NaN	0	111844.2	1502.8
JKAY23.5d_2_Scan1_[3819,46070]_component_data_merged_Region 4.ome.tif	Central linear nucleus raphe	CLI	Midbrain raphe nuclei	Polygon	4974.8	4722.4	591	165	0	0	0	0	NaN	0	194973.5	1775.8
JKAY23.5d_2_Scan1_[3819,46070]_component_data_merged_Region 4.ome.tif	Interpeduncular nucleus	IPN	Midbrain raphe nuclei	Polygon	5027	5800.5	100	165	0	0	0	0	NaN	0	472466.8	2646.8
JKAY23.5d_2_Scan1_[3819,46070]_component_data_merged_Region 4.ome.tif	Interpeduncular nucleus, intermediate	IPI	Interpeduncular nucleus	Geometry	5040.4	5949.1	607344850	100	0	0	0	0	NaN	0	55544.8	1997.8
JKAY23.5d_2_Scan1_[3819,46070]_component_data_merged_Region 4.ome.tif	Interpeduncular nucleus, dorsomedial	IPDM	Interpeduncular nucleus	Geometry	4975.3	5405.4	607344854	100	0	0	0	0	NaN	0	44726.2	1317.4
JKAY23.5d_2_Scan1_[3819,46070]_component_data_merged_Region 4.ome.tif	Interpeduncular nucleus, dorsolateral	IPDL	Interpeduncular nucleus	Geometry	4999.9	5649.5	607344858	100	0	0	0	0	NaN	0	67089.3	1524.7
JKAY23.5d_2_Scan1_[3819,46070]_component_data_merged_Region 4.ome.tif	Interpeduncular nucleus, caudal	IPC	Interpeduncular nucleus	Polygon	5035.6	5981.8	607344838	100	0	0	0	0	NaN	0	115433.1	1506.1
JKAY23.5d_2_Scan1_[3819,46070]_component_data_merged_Region 4.ome.tif	Interpeduncular nucleus, apical	IPA	Interpeduncular nucleus	Polygon	4987.2	5548.7	607344842	100	0	0	0	0	NaN	0	80870.2	1306
JKAY23.5d_2_Scan1_[3819,46070]_component_data_merged_Region 4.ome.tif	Interpeduncular nucleus, lateral	IPL	Interpeduncular nucleus	Geometry	5079.2	5971.4	607344846	100	0	0	0	0	NaN	0	106552.7	2392
JKAY23.5d_2_Scan1_[3819,46070]_component_data_merged_Region 4.ome.tif	Rostral linear nucleus raphe	RL	Midbrain raphe nuclei	Polygon	4999.4	3997.7	197	165	0	0	0	0	NaN	0	41546.3	1023.9
JKAY23.5d_2_Scan1_[3819,46070]_component_data_merged_Region 4.ome.tif	Substantia nigra, compact part	SNc	Midbrain, behavioral state related	Geometry	6094	4869.1	374	348	0	0	0	0	NaN	0	92930.1	2174.5
JKAY23.5d_2_Scan1_[3819,46070]_component_data_merged_Region 4.ome.tif	ventricular systems	VS	root	Polygon	5024	2952.9	73	997	0	0	0	0	NaN	0	3579.3	226.6
JKAY23.5d_2_Scan1_[3819,46070]_component_data_merged_Region 4.ome.tif	cerebral aqueduct	AQ	ventricular systems	Polygon	5024	2952.9	140	73	0	0	0	0	NaN	0	3579.3	226.6
JKAY23.5d_2_Scan1_[3819,46070]_component_data_merged_Region 4.ome.tif	fiber tracts	fiber tracts	root	Geometry	5013.1	4479.2	1009	997	0	0	0	0	NaN	0	4288750	57318.9
JKAY23.5d_2_Scan1_[3819,46070]_component_data_merged_Region 4.ome.tif	cerebellum related fiber tracts	cbf	fiber tracts	Geometry	4405	6202.6	960	1009	0	0	0	0	NaN	0	779564.7	6755.9
JKAY23.5d_2_Scan1_[3819,46070]_component_data_merged_Region 4.ome.tif	cerebellar peduncles	cbp	cerebellum related fiber tracts	Geometry	4405	6202.6	752	960	0	0	0	0	NaN	0	779564.7	6755.9
JKAY23.5d_2_Scan1_[3819,46070]_component_data_merged_Region 4.ome.tif	middle cerebellar peduncle	mcp	cerebellar peduncles	Geometry	4405	6202.6	78	752	0	0	0	0	NaN	0	779564.7	6755.9
JKAY23.5d_2_Scan1_[3819,46070]_component_data_merged_Region 4.ome.tif	cranial nerves	cm	fiber tracts	Geometry	4529.7	5367.4	967	1009	0	0	0	0	NaN	0	884650.1	16553.5
JKAY23.5d_2_Scan1_[3819,46070]_component_data_merged_Region 4.ome.tif	dorsal roots	drt	cranial nerves	Geometry	5070.9	5892.7	792	967	0	0	0	0	NaN	0	441024.7	4509.7
JKAY23.5d_2_Scan1_[3819,46070]_component_data_merged_Region 4.ome.tif	cervicothalamic tract	cett	dorsal roots	Geometry	5070.9	5892.7	932	792	0	0	0	0	NaN	0	441024.7	4509.7
JKAY23.5d_2_Scan1_[3819,46070]_component_data_merged_Region 4.ome.tif	medial lemniscus	ml	cervicothalamic tract	Geometry	5070.9	5892.7	697	932	0	0	0	0	NaN	0	441024.7	4509.7
JKAY23.5d_2_Scan1_[3819,46070]_component_data_merged_Region 4.ome.tif	oculomotor nerve	IIIn	cranial nerves	Geometry	5007.3	3895.2	832	967	0	0	0	0	NaN	0	26180.4	1623.1
JKAY23.5d_2_Scan1_[3819,46070]_component_data_merged_Region 4.ome.tif	medial longitudinal fascicle	mlf	oculomotor nerve	Geometry	5007.3	3895.2	62	832	0	0	0	0	NaN	0	26180.4	1623.1
JKAY23.5d_2_Scan1_[3819,46070]_component_data_merged_Region 4.ome.tif	optic nerve	IIn	cranial nerves	Geometry	6051.9	2638.7	848	967	0	0	0	0	NaN	0	58486.6	4470.5
JKAY23.5d_2_Scan1_[3819,46070]_component_data_merged_Region 4.ome.tif	brachium of the superior colliculus	bsc	optic nerve	Geometry	6051.9	2638.7	916	848	0	0	0	0	NaN	0	58486.6	4470.5
JKAY23.5d_2_Scan1_[3819,46070]_component_data_merged_Region 4.ome.tif	trigeminal nerve	Vn	cranial nerves	Polygon	3056	6203.1	901	967	0	0	0	0	NaN	0	83709.3	1692.9
JKAY23.5d_2_Scan1_[3819,46070]_component_data_merged_Region 4.ome.tif	motor root of the trigeminal nerve	moV	trigeminal nerve	Polygon	3056	6203.1	93	901	0	0	0	0	NaN	0	83709.3	1692.9
JKAY23.5d_2_Scan1_[3819,46070]_component_data_merged_Region 4.ome.tif	vestibulocochlear nerve	VIIIn	cranial nerves	Geometry	3741.9	4991.4	933	967	0	0	0	0	NaN	0	275249	4257.3
JKAY23.5d_2_Scan1_[3819,46070]_component_data_merged_Region 4.ome.tif	cochlear nerve	cVIIIn	vestibulocochlear nerve	Geometry	3741.9	4991.4	948	933	0	0	0	0	NaN	0	275249	4257.3
JKAY23.5d_2_Scan1_[3819,46070]_component_data_merged_Region 4.ome.tif	lateral lemniscus	ll	cochlear nerve	Geometry	3500.9	5842.3	658	948	0	0	0	0	NaN	0	190790.6	2145.1
JKAY23.5d_2_Scan1_[3819,46070]_component_data_merged_Region 4.ome.tif	brachium of the inferior colliculus	bic	cochlear nerve	Geometry	4286.3	3069.2	482	948	0	0	0	0	NaN	0	84458.5	2112.2
JKAY23.5d_2_Scan1_[3819,46070]_component_data_merged_Region 4.ome.tif	lateral forebrain bundle system	lfbs	fiber tracts	Geometry	5676	3873.1	983	1009	0	0	0	0	NaN	0	1549156.7	29641.7
JKAY23.5d_2_Scan1_[3819,46070]_component_data_merged_Region 4.ome.tif	corpus callosum	cc	lateral forebrain bundle system	Geometry	5492.7	2910.2	776	983	0	0	0	0	NaN	0	614567.7	22894.4
JKAY23.5d_2_Scan1_[3819,46070]_component_data_merged_Region 4.ome.tif	corpus callosum, anterior forceps	fa	corpus callosum	Geometry	4401.5	3861.7	956	776	0	0	0	0	NaN	0	232506.1	10473.7
JKAY23.5d_2_Scan1_[3819,46070]_component_data_merged_Region 4.ome.tif	external capsule	ec	corpus callosum, anterior forceps	Geometry	4401.5	3861.7	579	956	0	0	0	0	NaN	0	232506.1	10473.7
JKAY23.5d_2_Scan1_[3819,46070]_component_data_merged_Region 4.ome.tif	corpus callosum, posterior forceps	fp	corpus callosum	Geometry	6156.8	2331.1	971	776	0	0	0	0	NaN	0	382061.6	12650.8
JKAY23.5d_2_Scan1_[3819,46070]_component_data_merged_Region 4.ome.tif	corticospinal tract	cst	lateral forebrain bundle system	Geometry	5454.3	5610.5	784	983	0	0	0	0	NaN	0	594146.4	7848.7
JKAY23.5d_2_Scan1_[3819,46070]_component_data_merged_Region 4.ome.tif	cerebal peduncle	cpd	corticospinal tract	Geometry	5563.5	5551.4	924	784	0	0	0	0	NaN	0	541792.2	7349
JKAY23.5d_2_Scan1_[3819,46070]_component_data_merged_Region 4.ome.tif	thalamus related	lfbst	lateral forebrain bundle system	Geometry	6393.8	2579.3	896	983	0	0	0	0	NaN	0	340442.6	12614
JKAY23.5d_2_Scan1_[3819,46070]_component_data_merged_Region 4.ome.tif	optic radiation	or	thalamus related	Geometry	6215.9	2516.5	484682520	896	0	0	0	0	NaN	0	319329.9	11590.9
JKAY23.5d_2_Scan1_[3819,46070]_component_data_merged_Region 4.ome.tif	auditory radiation	ar	thalamus related	Polygon	9085	3528.8	484682524	896	0	0	0	0	NaN	0	21112.7	1454.4
JKAY23.5d_2_Scan1_[3819,46070]_component_data_merged_Region 4.ome.tif	medial forebrain bundle system	mfbs	fiber tracts	Geometry	4959.7	2807.7	991	1009	0	0	0	0	NaN	0	676619.9	23940
JKAY23.5d_2_Scan1_[3819,46070]_component_data_merged_Region 4.ome.tif	cerebrum related	mfbc	medial forebrain bundle system	Geometry	4957.4	2649.5	768	991	0	0	0	0	NaN	0	612357.3	21503.5
JKAY23.5d_2_Scan1_[3819,46070]_component_data_merged_Region 4.ome.tif	fornix system	fxs	cerebrum related	Geometry	4957.4	2649.5	1099	768	0	0	0	0	NaN	0	612357.3	21503.5
JKAY23.5d_2_Scan1_[3819,46070]_component_data_merged_Region 4.ome.tif	hippocampal commissures	hc	fornix system	Geometry	4909.8	2056.9	618	1099	0	0	0	0	NaN	0	390960.8	4456.4
JKAY23.5d_2_Scan1_[3819,46070]_component_data_merged_Region 4.ome.tif	dorsal hippocampal commissure	dhc	hippocampal commissures	Geometry	4909.8	2056.9	443	618	0	0	0	0	NaN	0	390960.8	4456.4
JKAY23.5d_2_Scan1_[3819,46070]_component_data_merged_Region 4.ome.tif	alveus	alv	fornix system	Geometry	5041.5	3695.9	466	1099	0	0	0	0	NaN	0	221396.4	18184.4
JKAY23.5d_2_Scan1_[3819,46070]_component_data_merged_Region 4.ome.tif	hypothalamus related	mfsbshy	medial forebrain bundle system	Geometry	4981.7	4315.4	824	991	0	0	0	0	NaN	0	64262.6	2436.5
JKAY23.5d_2_Scan1_[3819,46070]_component_data_merged_Region 4.ome.tif	mammillary related	mfbsma	hypothalamus related	Geometry	4981.7	4315.4	46	824	0	0	0	0	NaN	0	64262.6	2436.5
JKAY23.5d_2_Scan1_[3819,46070]_component_data_merged_Region 4.ome.tif	mammillotegmental tract	mtg	mammillary related	Geometry	4981.7	4315.4	681	46	0	0	0	0	NaN	0	64262.6	2436.5
JKAY23.5d_2_Scan1_[3819,46070]_component_data_merged_Region 4.ome.tif	extrapyramidal fiber systems	eps	fiber tracts	Geometry	4752.8	4729.2	1000	1009	0	0	0	0	NaN	0	346282.7	7178.8
JKAY23.5d_2_Scan1_[3819,46070]_component_data_merged_Region 4.ome.tif	rubrospinal tract	rust	extrapyramidal fiber systems	Geometry	4588.7	4948.3	863	1000	0	0	0	0	NaN	0	183789.6	3035.4
JKAY23.5d_2_Scan1_[3819,46070]_component_data_merged_Region 4.ome.tif	tectospinal pathway	tsp	extrapyramidal fiber systems	Geometry	4938.5	4481.5	877	1000	0	0	0	0	NaN	0	162493.1	4143.4
JKAY23.5d_2_Scan1_[3819,46070]_component_data_merged_Region 4.ome.tif	crossed tectospinal pathway	tspc	tectospinal pathway	Geometry	4924	4539.6	1043	877	0	0	0	0	NaN	0	126941.8	3146.2
JKAY23.5d_2_Scan1_[3819,46070]_component_data_merged_Region 4.ome.tif	doral tegmental decussation	dtd	tectospinal pathway	Polygon	4990.2	4273.7	1060	877	0	0	0	0	NaN	0	35550.7	997.19
JKAY23.5d_2_Scan1_[3819,46070]_component_data_merged_Region 4.ome.tif	supra-callosal cerebral white matter	scwm	fiber tracts	Geometry	4637.9	1381.1	484682512	1009	0	0	0	0	NaN	0	37704.7	2029.5
JKAY23.5d_2_Scan1_[3819,46070]_component_data_merged_Region 4.ome.tif	dmPAG	PAG_subregions	Image	Polygon	4951.6	2494.3	NaN	NaN	NaN	72	66	6	8.333	19.5	307640.6	2352.8
JKAY23.5d_2_Scan1_[3819,46070]_component_data_merged_Region 4.ome.tif	vlPAG-r	PAG_subregions	Image	Polygon	5292.1	3384.6	NaN	NaN	NaN	75	69	6	8	27.62	217204.5	2013.3
JKAY23.5d_2_Scan1_[3819,46070]_component_data_merged_Region 4.ome.tif	vlPAG-l	PAG_subregions	Image	Polygon	4765	3338.5	NaN	NaN	NaN	83	58	25	30.12	100.7	248263.5	2079.4
JKAY23.5d_2_Scan1_[3819,46070]_component_data_merged_Region 4.ome.tif	dlPAG-l	PAG_subregions	Image	Polygon	4650.6	2641	NaN	NaN	NaN	18	16	2	11.11	15.45	129415.1	1801.4
JKAY23.5d_2_Scan1_[3819,46070]_component_data_merged_Region 4.ome.tif	lPAG-l	PAG_subregions	Image	Polygon	4603.8	2927.3	NaN	NaN	NaN	36	25	11	30.56	56.56	194475.2	1883.9
JKAY23.5d_2_Scan1_[3819,46070]_component_data_merged_Region 4.ome.tif	dlPAG-r	PAG_subregions	Image	Polygon	5325.2	2674.4	NaN	NaN	NaN	26	23	3	11.54	22.81	131539	1659.7
JKAY23.5d_2_Scan1_[3819,46070]_component_data_merged_Region 4.ome.tif	lPAG-r	PAG_subregions	Image	Polygon	5480.2	3019.5	NaN	NaN	NaN	66	56	10	15.15	38.1	262459.4	2080.8
